function mpc = cx195
% Exported from RastrWin file "cx195.rg2"
% with MatPowerImport tool : https://github.com/mashalov/MatPowerImport
% This is a relatively old model, but a simplified actual model of the Ural power system, provided to the RastrWin developers for use as a demo and test model
% More info https://www.rastrwin.ru
%
mpc.version = '2';
mpc.baseMVA = 100;
%       Id Tpe           Pd           Qd           Gs           Bs    area           Vm           Va       baseKv    zone         Vmax         Vmin
mpc.bus = [
       805   3            0            0            0           -0       7            1            0          500       0            0            0;
         1   2            0      63.6092      0.70304     -353.142       7      1.00019     -35.3217          520       0            0            0;
         4   2        144.5        168.5            0     -176.571       7      1.02745     -35.0887          520       0            0            0;
        11   2            0      95.9956            0     -353.142       7        1.013     -34.7255          520       0            0            0;
        21   2            0      46.0008            0           -0       7      1.00015     -43.1805          520       0            0            0;
        29   2            0      95.9868            0     -353.142       7      1.01718      -36.284          520       0            0            0;
       801   2          400            0            0           -0       7            1     -57.2094          500       0            0            0;
       803   2            0            0            0           -0       7            1     -38.5687          520       0            0            0;
       804   2      14.0002            0            0           -0       7            1     -9.67659          505       0            0            0;
       806   2            0            0            0           -0       7            1     -69.5901          500       0            0            0;
       807   2          304            0            0           -0       7            1     -6.16953          511       0            0            0;
       809   2          760            0            0           -0       7            1     -10.0499          520       0            0            0;
       811   2            0            0            0           -0       7            1      26.9292          520       0            0            0;
       812   2         1100            0            0           -0       7            1      3.33626          520       0            0            0;
       813   2           79            0            0           -0       7            1     -12.2037          520       0            0            0;
       814   2            0            0            0           -0       7            1     -50.1927        519.9       0            0            0;
       816   2        223.3            0            0           -0       7     0.967843     -18.1966        235.9       0            0            0;
       831   2            0            0            0           -0       7            1      27.0755          520       0            0            0;
       832   2         1630      149.259            0           -0       7            1     -60.2111          500       0            0            0;
       837   2          405            0            0           -0       7            1     -15.9853          505       0            0            0;
      1112   2        191.3      22.3176            0           -0       7            1     -39.5755          230       0            0            0;
      1140   2            0            0            0           -0       7     0.971823     -38.3093          240       0            0            0;
      1327   2            0            0            0           -0       5     0.994688     -35.8645          240       0            0            0;
      1328   2            0            0            0           -0       5     0.999038     -32.2253          240       0            0            0;
      1401   2            0            0            0           -0       1            1     -41.5333          240       0            0            0;
      1440   2      49.3359            0            0           -0       1            1     -60.1355          220       0            0            0;
      1505   2       111.09            0            0           -0       2            1     -46.1403        233.3       0            0            0;
      1520   2            0            0            0           -0       2     0.998366     -47.3005        235.2       0            0            0;
      1521   2            0            0            0           -0       2     0.973602       -45.29          240       0            0            0;
      1605   2      149.817      61.0001            0           -0       3      1.07429     -60.6314          220       0            0            0;
      1636   2      151.485            0            0           -0       3     0.998919     -64.3171          230       0            0            0;
      1670   2      51.4164      19.9993            0           -0       3      1.00243     -63.8728          230       0            0            0;
      1676   2      68.2095      28.4912            0           -0       3            1      -65.403          230       0            0            0;
      1679   2      77.0206      34.0002            0           -0       3      1.03286     -58.9234          230       0            0            0;
      1685   2            0            0            0           -0       3            1     -57.6479          240       0            0            0;
      1712   2      29.7586            0            0           -0       4            1     -50.1114          230       0            0            0;
      1730   2            0            0            0           -0       4            1     -45.2673        237.2       0            0            0;
         2   1            0            0            0           -0       7      1.03954     -39.8998          508       0            0            0;
         3   1            0            0            0     -338.759       7      1.04846     -39.3842        509.3       0            0            0;
         5   1            0            0            0     -533.796       7      1.01758     -38.4133          522       0            0            0;
         6   1            0            0     0.671759           -0       7      1.02099     -49.2739        508.3       0            0            0;
         7   1            0            0            0           -0       7      1.04534     -53.6457        498.5       0            0            0;
         9   1            0            0            0     -173.865       7     0.997332     -45.4336          516       0            0            0;
        10   1            0            0            0      -174.27       7      1.00594     -43.2308        516.6       0            0            0;
        12   1            0            0            0           -0       7      1.03001     -39.2214        512.2       0            0            0;
        14   1            0            0            0     -342.494       7      1.05168     -42.1362        512.1       0            0            0;
        17   1            0            0            0     -164.231       7      1.00609     -47.8104        501.5       0            0            0;
        18   1            0            0            0           -0       7      1.02331     -45.9359        510.4       0            0            0;
        19   1            0            0     0.190073      -1.3062       7      1.01562     -42.9052        513.8       0            0            0;
        20   1            0            0            0           -0       7      1.00945     -43.8976        517.7       0            0            0;
